Transactions
1234,0001,O,TU-200    ,2,300.00
1234,0002,O,R-110     ,1,250.00
1234,0003,P,100.00
1235,0023,O,INT-45    ,3,50.00
1235,0025,O,Tri-1     ,1,200.00,20
1235,0028,O,Vista     ,3,150.00,10
1236,0005,P,350.00
1236,0006,P,350.00
1236,0004,O,INT-45    ,5,50.00
1237,0030,P,100.00
1237,0031,P,100.00
1237,0032,P,300.00
1237,0033,P,500.00,20
1238,0010,P,200.00
1238,0011,O,Vista     ,5,150.00,10
1238,0012,O,TU-200    ,1,300.00
1238,0013,O,R-110     ,2,250.00
1238,0014,O,INT-45    ,3,50.00
1238,0015,O,GH-2      ,4,750.00
1239,0020,O,Vista     ,5,150.00,10
1239,0021,O,TU-200    ,1,300.00
1239,0022,O,Tri-1     ,2,200.00,20
1239,0024,O,GH-2      ,1,750.00
1239,0026,P,250.00
1240,0007,P,2000.00,25
1241,0100,O,Vista     ,2,150.00,10
1241,0101,O,R-110     ,3,250.00
1241,0102,O,INT-45    ,1,50.00
1241,0103,O,R-110     ,2,250.00
1241,0104,O,TU-200    ,1,300.00
1242,1010,O,Tri-1     ,4,200.00,20
1242,1011,O,GH-2      ,1,750.00
1242,1012,O,R-110     ,1,250.00
1242,1013,P,400.00
1243,0201,P,345.00
1243,0202,P,1000.00
1243,0203,O,Vista     ,1,150.00,10
1243,0204,O,Tri-1     ,1,200.00,20
1244,1415,O,R-110     ,1,250.00